$ANSIBLE_VAULT;1.1;AES256
36613535303739363730376539396533336165666433376461653039666565613765643666626639
6336386131373864613638343463396634303765343033620a623032366530626264336431386432
39383035623735356638656630613565643565613838333138333565306163356538633438333865
3730376263303339610a343039303166383333336564363362643662323432663230363164653766
65323162383566656661313331323836643734323534353030386532396639366430626334313138
65356164396634366438383833623836646239336331663266346561653532316438376632626132
33353361623330356338316362623534376430333964646565343035346462636331323363366131
31653166386435386333393066666630366461313962623536636535333063336661333132653235
34336137363663373361613333633431336333663066626466323061633163613237313636313966
61663564326533663638326165353561666431313363363437653161333332343438353235303638
35353030316663353432376637656630323962623839376433343232323364353366373236346639
36313063656639376562333666353734613438393733646565313966663533373762356134616539
35316161616165323534313833353737383935666561336265363236386532666664653836343530
62333461353662613232663236326562363863313861616336626230306237373537646361653439
31346438616531306666613830613035306661623335303938653530396662366634366164663431
66643263316562616135313034353732313132643030363536643238623738643337366634386232
39653562316662643166636330663432643563336230643131383564373562623033663066623033
33663833633331663839363639323335616664393063346539323930383562303838613132666366
33386163623861323331623164336537383333323137363435343031653136663265386339663262
33383361313331643031363966386339633165396339323036373565653166316438633465613335
62336237623061346438336439656164646338356133366231356537353038393061366535383230
37636632316562313763643039643237346435386365306462623730303238653532353135333165
37363333303762326566353232336532306632343766343135343261373735303734616333323430
36643632623764363766306236643835666335666464353137643632356336373964656530313762
32313639646638643836663030336466636638386662383438663835323430323435636465626235
3965313465346433353562623638326366383739616235333535
